   6.428736         1.701733    
   8.021479         34.34406    
   9.614222         23.57673    
   11.20696         11.07673    
   12.79971         13.36634    
   14.39245         6.466584    
   15.98519         3.527228    
   17.57794         2.320544    
   19.17068         1.577970    
   20.76342        0.8044555    
   22.35616        0.2165842    
   23.94891        0.3094060    
   25.54165        0.3094060    
   27.13439        9.2821784E-02
   28.72714        6.1881188E-02
   30.31988        3.0940594E-02
   31.91262        0.1237624    
   33.50536        0.0000000E+00
   35.09811        3.0940594E-02
   36.69085        6.1881188E-02
