   5.027773         3.875000    
   5.082811         3.125000    
   5.137850         3.375000    
   5.192888         3.000000    
   5.247927         3.875000    
   5.302965         4.250000    
   5.358004         4.875000    
   5.413042         6.250000    
   5.468081         6.375000    
   5.523119         9.875000    
   5.578157         15.50000    
   5.633196         7.875000    
   5.688234         5.875000    
   5.743273         5.000000    
   5.798311         3.625000    
   5.853350         4.125000    
   5.908388         2.625000    
   5.963427         2.750000    
   6.018465         2.125000    
   6.073503         1.625000    
