       160
       416          2        149       2711          3
       453          2        790       2711          3
       490          2        221       2862          2
       502          2        816       2862          2
       503          2        816       2864          2
       504          2         51       2864          2
       569          2        257       2855          3
       571          2        814       2855          3
       688          2        314       2978          4
       689          2        864       2978          4
       691          2        814       2851          3
       695          2         43       2851          3
       702          2        809       2845          3
       703          2         42       2845          3
       765          2         52       2843          2
       767          2        822       2843          2
       820          2        257       2765          3
       828          2        809       2765          3
       840          2        172       2777          3
       842          2        829       2777          3
       845          2         48       2773          3
       847          2        829       2773          3
       858          2        221       2829          2
       873          2        822       2829          2
       891          2         40       2730          3
       913          2        172       2745          3
       927          2        981       2730          3
       935          2        798       2741          3
       939          2        162       2741          3
       989          2        804       2745          3
      1010          2        349       1088          3
      1011          2        989       1088          3
      1118          2          5       1200          2
      1118          2          5       1203          3
      1119          2       1026       1200          2
      1121          2       1029       1203          3
      1174          2         39       1255          4
      1175          2        972       1255          4
      1182          2        346       1266          4
      1185          2        972       1266          4
      1186          2        347       1271          3
      1189          2        976       1271          3
      1194          2          4       1276          3
      1194          2          4       1278          4
      1195          2        976       1276          3
      1197          2        978       1278          4
      1198          2         50       1283          2
      1201          2       1032       1283          2
      1210          2         49       1294          3
      1211          2       1036       1294          3
      1214          2        265       1299          2
      1215          2       1041       1299          2
      1218          2        262       1306          3
      1221          2       1036       1306          3
      1222          2          2       1310          2
      1225          2       1041       1310          2
      1242          2        260       1327          2
      1245          2       1026       1327          2
      1250          2        262       1332          3
      1251          2       1029       1332          3
      1258          2         52       1339          2
      1259          2       1048       1339          2
      1278          2        265       1361          2
      1281          2       1048       1361          2
      1318          2        260       1390          2
      1319          2       1032       1390          2
      1362          2        182       1428          3
      1363          2        517       1428          3
      1474          2        216       1548          4
      1477          2        487       1548          4
      1498          2         47       1577          3
      1501          2        602       1577          3
      1506          2        267       1584          3
      1507          2        602       1584          3
      1538          2         46       1614          3
      1539          2        596       1614          3
      1542          2        267       1619          3
      1545          2        596       1619          3
      1602          2         44       1673          3
      1605          2        590       1673          3
      1614          2        162       1681          3
      1615          2        590       1681          3
      1683          2       1480        182          3
      1778          2         43       1836          3
      1779          2        798       1836          3
      1782          2         49       1843          3
      1785          2        804       1843          3
      1858          2         41       1910          3
      1861          2        652       1910          3
      1878          2        287       1925          3
      1879          2        652       1925          3
      2034          2        307       2047          2
      2037          2        710       2047          2
      2038          2         50       2049          2
      2039          2        710       2049          2
      2092          2       2105        744          3
      2110          2         44       2099          3
      2111          2        744       2099          3
      2130          2        216       2116          4
      2131          2        751       2116          4
      2150          2         39       2130          4
      2153          2        751       2130          4
      2334          2        149       2269          3
      2335          2        420       2269          3
      2410          2         38       2314          4
      2411          2        487       2314          4
      2422          2         46       2321          3
      2425          2        517       2321          3
      2498          2        346       2375          4
      2499          2        978       2375          4
      2514          2        347       2388          3
      2515          2        981       2388          3
      2522          2         47       2394          3
      2523          2        984       2394          3
      2530          2         48       2404          3
      2533          2        989       2404          3
      2546          2        349       2415          3
      2549          2        984       2415          3
      2662          2         42       2483          3
      2665          2        420       2483          3
      2702          2         51       2506          2
      2705          2        717       2506          2
      2710          2        307       2512          2
      2711          2        717       2512          2
      2750          2        287       2547          3
      2753          2        779       2547          3
      2790          2         37       2571          4
      2793          2        853       2571          4
      2798          2        311       2578          4
      2799          2        853       2578          4
      2830          2         37       2605          4
      2831          2        860       2605          4
      2838          2         38       2614          4
      2841          2        864       2614          4
      2842          2        314       2618          4
      2845          2        860       2618          4
      2890          2         40       2654          3
      2891          2        779       2654          3
      2926          2          3       2678          4
      2927          2        847       2678          4
      2934          2        311       2685          4
      2937          2        847       2685          4
      2970          2         41       2706          3
      2971          2        790       2706          3
      3013          2        209       3157          3
      3016          2       2105       3157          3
      3045          2        510       3186          3
      3046          2       1480       3186          3
      3077          2         45       3211          3
      3078          2       2205       3211          3
      3081          2        510       3217          3
      3084          2       2205       3217          3
      3093          2        735       3223          3
      3094          2       2156       3223          3
      3113          2        209       3240          3
      3114          2       2161       3240          3
      3121          2        735       3249          3
      3124          2       2161       3249          3
      3193          2         45       3296          3
      3196          2       2156       3296          3
