       122
         1          2         10         11
         8          2         16         17
        12          2         10          9
        13          2          8          9
        28          2         16         15
        36          2         18         17
        68          2         18          1
        70          2         14         13
        71          2         13         12
        72          2         12         11
        92          2         15         14
       100          2          6          1
       101          2          7          6
       110          2          8          7
       122          2        226       1086
       189          2         29        226
       201          2         27        240
       202          2         28        240
       212          2        170         25
       269          2         30       1086
       282          2        581       3071
       283          2         23       3071
       301          2         28        319
       302          2         29        319
       333          2        873       3108
       336          2        316       3108
       359          2         25        353
       360          2         26        353
       362          2         26        356
       363          2         27        356
       468          2         24        524
       469          2        170        524
       528          2        448       3045
       546          2         33       3045
       572          2         23        623
       573          2        278        623
       576          2         24        628
       579          2        278        628
       884          2         31        867
       885          2        316        867
       900          2         30        880
       901          2        321        880
       904          2         31        886
       907          2        321        886
      1222          2          2       1308
      1223          2       1038       1308
      1234          2        264       1320
      1237          2       1038       1320
      1286          2         19       1369
      1289          2       1044       1369
      1306          2        264       1382
      1307          2       1044       1382
      1346          2        235       1411
      1347          2        461       1411
      1422          2        235       1497
      1425          2        454       1497
      1486          2        139       1560
      1487          2        581       1560
      1558          2         34       1634
      1561          2        617       1634
      1574          2        271       1648
      1575          2        617       1648
      1650          2         33       1707
      1651          2        611       1707
      1654          2        271       1711
      1657          2        611       1711
      1710          2         20       1766
      1711          2        661       1766
      1842          2         22       1893
      1845          2        642       1893
      1846          2        281       1895
      1847          2        642       1895
      1886          2         21       1931
      1887          2        636       1931
      1894          2         21       1941
      1897          2        666       1941
      1910          2        292       1952
      1911          2        666       1952
      1966          2        292       1990
      1969          2        661       1990
      2018          2        305       2026
      2019          2        704       2026
      2214          2         34       2172
      2215          2        699       2172
      2258          2         20       2208
      2261          2        461       2208
      2326          2        177       2263
      2327          2        448       2263
      2350          2         19       2281
      2351          2        454       2281
      2430          2        305       2326
      2433          2        699       2326
      2442          2         35       2334
      2445          2        704       2334
      2454          2         35       2339
      2455          2        531       2339
      2458          2        244       2344
      2461          2        531       2344
      2470          2         36       2356
      2473          2        538       2356
      2482          2        244       2364
      2483          2        538       2364
      2586          2        281       2443
      2589          2        636       2443
      2658          2        139       2480
      2661          2        422       2480
      2682          2         22       2493
      2683          2        422       2493
      2722          2         32       2522
      2723          2        724       2522
      2726          2        177       2528
      2729          2        724       2528
      2854          2         32       2627
      2857          2        873       2627
      2902          2         36       2664
      2903          2        843       2664
      2906          2        310       2670
      2909          2        843       2670
      2926          2          3       2681
      2929          2        849       2681
      2930          2        310       2683
      2931          2        849       2683
