   6.201778         11.87500    
   6.516444         3.750000    
   6.831111         4.375000    
   7.145778         6.000000    
   7.460444         4.375000    
   7.775111         5.500000    
   8.089778         3.375000    
   8.404445         3.000000    
   8.719111         3.125000    
   9.033778         3.750000    
   9.348444         3.875000    
   9.663111         2.750000    
   9.977777         3.000000    
   10.29244         3.875000    
   10.60711         5.125000    
   10.92178         6.875000    
   11.23644         7.625000    
   11.55111         9.125000    
   11.86578         5.375000    
   12.18044         3.250000    
